600x600

1,Time: 0,117 seconds
Result matrix: 180300.0 180300.0 180300.0 180300.0 180300.0 180300.0 180300.0 180300.0 180300.0 180300.0 

2,Time: 0,134 seconds
Result matrix: 180300.0 180300.0 180300.0 180300.0 180300.0 180300.0 180300.0 180300.0 180300.0 180300.0 

3,Time: 0,141 seconds
Result matrix: 180300.0 180300.0 180300.0 180300.0 180300.0 180300.0 180300.0 180300.0 180300.0 180300.0 

1000x1000

1,Time: 0,564 seconds
Result matrix: 500500.0 500500.0 500500.0 500500.0 500500.0 500500.0 500500.0 500500.0 500500.0 500500.0 

2,Time: 0,628 seconds
Result matrix: 500500.0 500500.0 500500.0 500500.0 500500.0 500500.0 500500.0 500500.0 500500.0 500500.0 

3,Time: 1,038 seconds
Result matrix: 500500.0 500500.0 500500.0 500500.0 500500.0 500500.0 500500.0 500500.0 500500.0 500500.0 

1400x1400

1,Time: 2,677 seconds
Result matrix: 980700.0 980700.0 980700.0 980700.0 980700.0 980700.0 980700.0 980700.0 980700.0 980700.0 

2,Time: 2,655 seconds
Result matrix: 980700.0 980700.0 980700.0 980700.0 980700.0 980700.0 980700.0 980700.0 980700.0 980700.0 

3,Time: 2,876 seconds
Result matrix: 980700.0 980700.0 980700.0 980700.0 980700.0 980700.0 980700.0 980700.0 980700.0 980700.0 

1800x1800

1,Time: 5,756 seconds
Result matrix: 1620900.0 1620900.0 1620900.0 1620900.0 1620900.0 1620900.0 1620900.0 1620900.0 1620900.0 1620900.0 

2,Time: 5,769 seconds
Result matrix: 1620900.0 1620900.0 1620900.0 1620900.0 1620900.0 1620900.0 1620900.0 1620900.0 1620900.0 1620900.0 

3,Time: 5,878 seconds
Result matrix: 1620900.0 1620900.0 1620900.0 1620900.0 1620900.0 1620900.0 1620900.0 1620900.0 1620900.0 1620900.0 

2200x2200

1,Time: 11,487 seconds
Result matrix: 2421100.0 2421100.0 2421100.0 2421100.0 2421100.0 2421100.0 2421100.0 2421100.0 2421100.0 2421100.0 

2,Time: 11,117 seconds
Result matrix: 2421100.0 2421100.0 2421100.0 2421100.0 2421100.0 2421100.0 2421100.0 2421100.0 2421100.0 2421100.0 

3,Time: 10,996 seconds
Result matrix: 2421100.0 2421100.0 2421100.0 2421100.0 2421100.0 2421100.0 2421100.0 2421100.0 2421100.0 2421100.0 

2600x2600

1,Time: 18,481 seconds
Result matrix: 3381300.0 3381300.0 3381300.0 3381300.0 3381300.0 3381300.0 3381300.0 3381300.0 3381300.0 3381300.0 

2,Time: 17,503 seconds
Result matrix: 3381300.0 3381300.0 3381300.0 3381300.0 3381300.0 3381300.0 3381300.0 3381300.0 3381300.0 3381300.0 

3,Time: 17,486 seconds
Result matrix: 3381300.0 3381300.0 3381300.0 3381300.0 3381300.0 3381300.0 3381300.0 3381300.0 3381300.0 3381300.0 

3000x3000

1,Time: 27,849 seconds
Result matrix: 4501500.0 4501500.0 4501500.0 4501500.0 4501500.0 4501500.0 4501500.0 4501500.0 4501500.0 4501500.0 

2,Time: 28,155 seconds
Result matrix: 4501500.0 4501500.0 4501500.0 4501500.0 4501500.0 4501500.0 4501500.0 4501500.0 4501500.0 4501500.0 

3,Time: 27,234 seconds
Result matrix: 4501500.0 4501500.0 4501500.0 4501500.0 4501500.0 4501500.0 4501500.0 4501500.0 4501500.0 4501500.0 

