600x600

1,Time: 0,210 seconds
Result matrix: 180300.0 180300.0 180300.0 180300.0 180300.0 180300.0 180300.0 180300.0 180300.0 180300.0 

2,Time: 0,236 seconds
Result matrix: 180300.0 180300.0 180300.0 180300.0 180300.0 180300.0 180300.0 180300.0 180300.0 180300.0 

3,Time: 0,203 seconds
Result matrix: 180300.0 180300.0 180300.0 180300.0 180300.0 180300.0 180300.0 180300.0 180300.0 180300.0 

1000x1000

1,Time: 1,679 seconds
Result matrix: 500500.0 500500.0 500500.0 500500.0 500500.0 500500.0 500500.0 500500.0 500500.0 500500.0 

2,Time: 1,679 seconds
Result matrix: 500500.0 500500.0 500500.0 500500.0 500500.0 500500.0 500500.0 500500.0 500500.0 500500.0 

3,Time: 1,519 seconds
Result matrix: 500500.0 500500.0 500500.0 500500.0 500500.0 500500.0 500500.0 500500.0 500500.0 500500.0 

1400x1400

1,Time: 5,810 seconds
Result matrix: 980700.0 980700.0 980700.0 980700.0 980700.0 980700.0 980700.0 980700.0 980700.0 980700.0 

2,Time: 5,239 seconds
Result matrix: 980700.0 980700.0 980700.0 980700.0 980700.0 980700.0 980700.0 980700.0 980700.0 980700.0 

3,Time: 5,480 seconds
Result matrix: 980700.0 980700.0 980700.0 980700.0 980700.0 980700.0 980700.0 980700.0 980700.0 980700.0 

1800x1800

1,Time: 19,385 seconds
Result matrix: 1620900.0 1620900.0 1620900.0 1620900.0 1620900.0 1620900.0 1620900.0 1620900.0 1620900.0 1620900.0 

2,Time: 19,128 seconds
Result matrix: 1620900.0 1620900.0 1620900.0 1620900.0 1620900.0 1620900.0 1620900.0 1620900.0 1620900.0 1620900.0 

3,Time: 19,140 seconds
Result matrix: 1620900.0 1620900.0 1620900.0 1620900.0 1620900.0 1620900.0 1620900.0 1620900.0 1620900.0 1620900.0 

2200x2200

1,Time: 40,377 seconds
Result matrix: 2421100.0 2421100.0 2421100.0 2421100.0 2421100.0 2421100.0 2421100.0 2421100.0 2421100.0 2421100.0 

2,Time: 40,018 seconds
Result matrix: 2421100.0 2421100.0 2421100.0 2421100.0 2421100.0 2421100.0 2421100.0 2421100.0 2421100.0 2421100.0 

3,Time: 39,899 seconds
Result matrix: 2421100.0 2421100.0 2421100.0 2421100.0 2421100.0 2421100.0 2421100.0 2421100.0 2421100.0 2421100.0 

2600x2600

1,Time: 71,075 seconds
Result matrix: 3381300.0 3381300.0 3381300.0 3381300.0 3381300.0 3381300.0 3381300.0 3381300.0 3381300.0 3381300.0 

2,Time: 70,534 seconds
Result matrix: 3381300.0 3381300.0 3381300.0 3381300.0 3381300.0 3381300.0 3381300.0 3381300.0 3381300.0 3381300.0 

3,Time: 71,277 seconds
Result matrix: 3381300.0 3381300.0 3381300.0 3381300.0 3381300.0 3381300.0 3381300.0 3381300.0 3381300.0 3381300.0 

3000x3000

1,Time: 117,860 seconds
Result matrix: 4501500.0 4501500.0 4501500.0 4501500.0 4501500.0 4501500.0 4501500.0 4501500.0 4501500.0 4501500.0 

2,Time: 115,517 seconds
Result matrix: 4501500.0 4501500.0 4501500.0 4501500.0 4501500.0 4501500.0 4501500.0 4501500.0 4501500.0 4501500.0 

3,Time: 116,204 seconds
Result matrix: 4501500.0 4501500.0 4501500.0 4501500.0 4501500.0 4501500.0 4501500.0 4501500.0 4501500.0 4501500.0 

